100
0	26	69	92	112	134	171	189	235	291	300	351	300	334	399	433	427	462	496	553	599	625	647	706	806	831	859	886	902	934	963	994	1057	1096	1186	134	143	180	190	233	251	270	292	315	357	377	401	480	537	498	535	565	596	609	556	602	615	662	687	684	695	733	739	800	788	799	852	861	882	891	889	921	979	919	986	1035	1118	382	1088	367	327	292	238	208	110	47	65	50	107	177	632	665	725	759	797	823	519	621	671	315
26	0	43	66	86	108	145	163	209	265	274	325	274	308	373	407	401	436	470	527	573	599	621	680	780	805	833	860	876	908	937	968	1031	1070	1160	108	117	154	164	207	225	244	266	289	331	351	375	454	511	472	509	539	570	583	530	576	589	636	661	658	669	707	713	774	762	773	826	835	856	865	863	895	953	893	960	1009	1092	356	1062	341	301	266	212	182	84	21	39	61	81	151	606	639	699	733	771	797	493	595	645	289
69	43	0	23	43	65	102	120	166	222	231	282	231	265	330	364	358	393	427	484	530	556	578	637	737	762	790	817	833	865	894	925	988	1027	1117	65	74	111	121	164	182	201	223	246	288	308	332	411	468	429	466	496	527	540	487	533	546	593	618	615	626	664	670	731	719	730	783	792	813	822	820	852	910	850	917	966	1049	313	1019	298	258	223	169	139	41	64	82	104	124	141	563	596	656	690	728	754	450	552	602	246
92	66	23	0	20	42	79	97	143	199	208	259	208	242	307	341	335	370	404	461	507	533	555	614	714	739	767	794	810	842	871	902	965	1004	1094	42	51	88	98	141	159	178	200	223	265	285	309	388	445	406	443	473	504	517	464	510	523	570	595	592	603	641	647	708	696	707	760	769	790	799	797	829	887	827	894	943	1026	290	996	275	235	200	146	116	18	87	105	127	147	118	540	573	633	667	705	731	427	529	579	223
112	86	43	20	0	22	59	77	123	179	188	239	188	222	287	321	315	350	384	441	487	513	535	594	694	719	747	774	790	822	851	882	945	984	1074	50	59	96	106	143	161	180	202	225	267	287	311	368	425	386	423	453	484	497	444	490	503	550	575	572	583	621	627	688	676	687	740	749	770	779	777	809	867	807	874	923	1006	270	976	277	237	202	126	96	38	107	125	147	167	126	520	553	613	647	685	711	407	509	559	225
134	108	65	42	22	0	37	55	101	157	166	217	166	200	265	299	293	328	362	419	465	491	513	572	672	697	725	752	768	800	829	860	923	962	1052	72	81	118	128	121	139	158	180	203	245	265	289	346	403	364	401	431	462	475	422	468	481	528	553	550	561	599	605	666	654	665	718	727	748	757	755	787	845	785	852	901	984	248	954	255	215	180	104	74	60	129	147	169	189	148	498	531	591	625	663	689	385	487	537	203
171	145	102	79	59	37	0	18	64	120	129	180	129	163	228	262	256	291	325	382	428	454	476	535	635	660	688	715	731	763	792	823	886	925	1015	109	118	146	127	84	102	121	143	166	208	228	252	309	366	327	364	394	425	438	385	431	444	491	516	513	524	562	568	629	617	628	681	690	711	720	718	750	808	748	815	864	947	211	917	218	178	143	67	37	97	166	184	206	226	176	461	494	554	588	626	652	348	450	500	166
189	163	120	97	77	55	18	0	46	102	111	162	111	145	210	244	238	273	307	364	410	436	458	517	617	642	670	697	713	745	774	805	868	907	997	127	136	128	109	66	84	103	125	148	190	210	234	291	348	309	346	376	407	420	367	413	426	473	498	495	506	544	550	611	599	610	663	672	693	702	700	732	790	730	797	846	929	193	899	200	160	125	49	19	115	184	202	224	228	158	443	476	536	570	608	634	330	432	482	148
235	209	166	143	123	101	64	46	0	56	65	116	65	99	164	198	192	227	261	318	364	390	412	471	571	596	624	651	667	699	728	759	822	861	951	173	182	170	151	108	90	109	131	154	196	213	237	245	302	263	300	330	361	374	321	367	380	427	452	449	460	498	504	565	553	564	617	626	647	656	654	686	744	684	751	800	883	147	853	167	133	131	40	65	161	230	248	270	270	200	397	430	490	524	562	588	284	386	436	154
291	265	222	199	179	157	120	102	56	0	9	60	9	43	108	142	136	171	205	262	308	334	356	415	515	540	568	595	611	643	672	703	766	805	895	229	238	226	207	164	146	134	156	179	177	157	181	189	246	207	244	274	305	318	265	311	324	371	396	393	404	442	448	509	497	508	561	570	591	600	598	630	688	628	695	744	827	91	797	111	77	112	96	121	217	286	304	326	326	256	341	374	434	468	506	532	228	330	380	179
300	274	231	208	188	166	129	111	65	9	0	54	18	52	102	136	130	165	199	256	302	328	350	409	509	534	562	589	605	637	666	697	760	799	889	238	247	235	216	173	155	143	165	188	171	151	175	183	240	201	238	268	299	312	259	305	318	365	390	387	398	436	442	503	491	502	555	564	585	594	592	624	682	622	689	738	821	85	791	105	86	121	105	130	226	295	313	335	335	265	335	368	428	462	500	526	222	324	374	188
351	325	282	259	239	217	180	162	116	60	54	0	51	17	48	82	76	111	145	202	248	274	296	355	455	480	508	535	551	583	612	643	706	745	835	244	235	207	188	145	127	108	130	153	117	97	121	129	186	147	184	214	245	258	205	251	264	311	336	333	344	382	388	449	437	448	501	510	531	540	538	570	628	568	635	684	767	31	737	51	51	86	156	181	268	346	346	386	307	237	281	314	374	408	446	472	168	270	320	153
300	274	231	208	188	166	129	111	65	9	18	51	0	34	99	133	127	162	196	253	299	325	347	406	506	531	559	586	602	634	663	694	757	796	886	238	247	224	205	162	144	125	147	170	168	148	172	180	237	198	235	265	296	309	256	302	315	362	387	384	395	433	439	500	488	499	552	561	582	591	589	621	679	619	686	735	818	82	788	102	68	103	105	130	226	295	313	335	324	254	332	365	425	459	497	523	219	321	371	170
334	308	265	242	222	200	163	145	99	43	52	17	34	0	65	99	93	128	162	219	265	291	313	372	472	497	525	552	568	600	629	660	723	762	852	227	218	190	171	128	110	91	113	136	134	114	138	146	203	164	201	231	262	275	222	268	281	328	353	350	361	399	405	466	454	465	518	527	548	557	555	587	645	585	652	701	784	48	754	68	34	69	139	164	251	329	329	369	290	220	298	331	391	425	463	489	185	287	337	136
399	373	330	307	287	265	228	210	164	108	102	48	99	65	0	34	28	63	97	154	200	226	248	307	407	432	460	487	503	535	564	595	658	697	787	292	283	255	236	193	175	156	178	201	165	145	169	81	138	99	136	166	197	210	157	203	216	263	288	285	296	334	340	401	389	400	453	462	483	492	490	522	580	520	587	636	719	79	689	99	99	134	204	229	316	394	394	434	355	285	233	266	326	360	398	424	120	222	272	201
433	407	364	341	321	299	262	244	198	142	136	82	133	99	34	0	43	29	63	120	166	192	214	273	373	398	426	453	469	501	530	561	624	663	753	326	317	289	270	227	209	190	212	235	199	179	192	96	152	110	147	135	166	176	168	214	227	229	254	251	262	300	306	367	355	366	419	428	449	458	456	488	546	486	553	602	685	113	655	133	133	168	238	263	350	428	428	468	389	319	199	232	292	326	364	390	89	188	238	235
427	401	358	335	315	293	256	238	192	136	130	76	127	93	28	43	0	72	106	163	209	235	257	316	416	441	469	496	512	544	573	604	667	706	796	320	311	283	264	221	203	184	206	229	193	173	149	53	110	71	108	138	169	211	129	175	188	240	265	289	300	338	344	405	393	404	457	466	487	496	494	526	584	524	596	645	728	107	698	127	127	162	232	257	344	422	422	462	383	313	242	275	335	369	407	428	92	223	281	229
462	436	393	370	350	328	291	273	227	171	165	111	162	128	63	29	72	0	34	91	137	163	185	244	344	369	397	424	440	472	501	532	595	634	724	355	346	318	299	256	238	219	241	264	228	208	195	99	123	81	118	106	137	147	139	185	198	200	225	222	233	271	277	338	326	337	390	399	420	429	427	459	517	457	524	573	656	142	626	162	162	197	267	292	379	457	457	497	418	348	170	203	263	297	335	361	60	159	209	264
496	470	427	404	384	362	325	307	261	205	199	145	196	162	97	63	106	34	0	57	103	129	151	210	310	335	363	390	406	438	467	498	561	600	690	389	380	352	333	290	272	253	275	298	262	242	229	133	157	115	152	140	155	113	173	211	218	166	191	188	199	237	243	304	292	303	356	365	386	395	393	425	483	423	490	539	622	176	592	196	196	231	301	326	413	491	491	531	452	382	136	169	229	263	301	327	94	125	175	298
553	527	484	461	441	419	382	364	318	262	256	202	253	219	154	120	163	91	57	0	46	72	94	153	253	278	306	333	349	381	410	441	504	543	633	446	437	409	390	347	329	310	332	355	319	299	286	190	214	172	209	129	98	56	200	154	161	109	134	131	142	180	186	247	235	246	299	308	329	338	336	368	426	366	433	482	565	233	535	253	253	288	358	383	470	548	548	588	509	439	79	112	172	206	244	270	151	68	118	355
599	573	530	507	487	465	428	410	364	308	302	248	299	265	200	166	209	137	103	46	0	26	48	107	207	232	260	287	303	335	364	395	458	497	587	492	483	455	436	393	375	356	378	401	365	345	327	231	255	213	234	146	115	73	213	167	154	102	109	85	96	134	140	201	189	200	253	262	283	292	290	322	380	320	387	436	519	279	489	299	299	334	404	429	516	594	594	634	555	485	33	66	126	160	198	224	192	61	72	401
625	599	556	533	513	491	454	436	390	334	328	274	325	291	226	192	235	163	129	72	26	0	22	81	181	206	234	261	277	309	338	369	432	471	561	518	509	481	462	419	401	382	404	427	391	371	353	257	281	239	260	172	141	99	239	193	180	128	135	111	103	141	147	208	178	207	260	269	290	299	297	329	379	316	361	410	493	305	463	325	325	360	430	455	542	620	620	660	581	511	59	40	100	134	172	231	218	87	98	427
647	621	578	555	535	513	476	458	412	356	350	296	347	313	248	214	257	185	151	94	48	22	0	59	159	187	215	242	258	290	319	350	413	452	542	540	531	503	484	441	423	404	426	449	413	393	375	279	303	261	282	194	163	121	261	215	202	150	157	133	125	163	169	208	172	229	260	291	290	321	297	351	360	297	342	391	474	327	444	347	347	382	452	477	564	642	642	682	603	533	81	62	94	128	166	253	240	109	120	449
706	680	637	614	594	572	535	517	471	415	409	355	406	372	307	273	316	244	210	153	107	81	59	0	100	128	156	183	199	231	260	291	354	393	483	599	590	562	543	500	482	463	485	508	472	452	434	338	362	320	341	253	222	180	320	274	261	209	193	169	158	196	162	149	113	178	201	240	231	262	238	292	301	238	283	332	415	386	385	406	406	441	511	536	623	701	701	741	662	592	140	95	35	69	107	261	299	168	179	508
806	780	737	714	694	672	635	617	571	515	509	455	506	472	407	373	416	344	310	253	207	181	159	100	0	28	56	83	99	131	160	191	254	293	383	699	690	662	643	600	582	563	585	608	572	552	534	438	462	420	429	353	322	280	408	362	349	297	272	248	237	275	193	180	144	209	205	271	235	266	168	259	201	138	183	232	315	486	285	506	506	541	611	636	723	801	801	841	762	692	240	194	134	100	62	292	399	268	261	608
831	805	762	739	719	697	660	642	596	540	534	480	531	497	432	398	441	369	335	278	232	206	187	128	28	0	28	55	71	103	132	163	226	265	355	724	715	687	668	625	607	588	610	633	596	576	552	456	480	438	401	378	347	305	380	334	321	269	244	220	209	247	165	152	116	181	177	243	207	238	140	231	173	110	155	204	287	511	257	531	531	566	636	661	748	826	826	866	787	717	265	166	106	72	34	264	424	293	233	633
859	833	790	767	747	725	688	670	624	568	562	508	559	525	460	426	469	397	363	306	260	234	215	156	56	28	0	27	43	75	104	135	198	237	327	752	743	715	696	653	635	616	638	661	624	604	580	484	508	466	429	406	375	333	408	362	349	297	272	248	237	275	193	180	144	209	149	240	179	210	112	203	145	82	127	176	259	539	229	559	559	594	664	689	776	854	854	894	815	745	293	194	134	100	62	292	452	321	261	661
886	860	817	794	774	752	715	697	651	595	589	535	586	552	487	453	496	424	390	333	287	261	242	183	83	55	27	0	16	48	77	108	171	210	300	779	770	742	723	680	662	643	665	688	651	631	607	511	535	493	456	433	402	360	435	389	376	324	299	275	264	269	220	174	171	203	122	213	152	183	85	176	118	55	100	149	232	566	202	586	586	621	691	716	803	881	881	921	842	772	320	221	161	127	89	286	479	348	288	688
902	876	833	810	790	768	731	713	667	611	605	551	602	568	503	469	512	440	406	349	303	277	258	199	99	71	43	16	0	32	61	92	155	194	284	795	786	758	739	696	678	659	681	704	650	630	606	510	534	492	455	439	408	366	434	388	375	323	298	274	263	253	236	158	187	187	106	197	136	167	69	160	102	39	84	133	216	582	186	602	602	637	707	732	819	897	897	937	858	788	326	237	177	143	105	270	485	354	287	692
934	908	865	842	822	800	763	745	699	643	637	583	634	600	535	501	544	472	438	381	335	309	290	231	131	103	75	48	32	0	29	60	123	162	252	827	818	790	771	728	710	691	713	710	653	633	609	513	537	495	458	442	411	369	437	391	378	326	301	277	266	256	246	161	197	190	109	188	139	158	72	128	70	42	52	101	184	614	154	634	634	669	739	764	851	929	929	969	890	820	329	269	209	175	137	273	488	357	290	695
963	937	894	871	851	829	792	774	728	672	666	612	663	629	564	530	573	501	467	410	364	338	319	260	160	132	104	77	61	29	0	31	94	133	223	856	847	819	800	757	739	720	742	739	682	662	638	542	566	524	487	471	440	398	466	420	407	355	330	306	295	285	275	190	226	219	138	217	168	187	101	157	99	71	81	72	155	643	125	663	663	698	768	793	880	958	958	998	919	849	358	298	238	204	166	302	517	386	319	724
994	968	925	902	882	860	823	805	759	703	697	643	694	660	595	561	604	532	498	441	395	369	350	291	191	163	135	108	92	60	31	0	63	102	192	887	878	850	831	788	770	751	773	770	713	693	669	573	597	555	518	502	471	429	497	451	438	386	361	337	326	316	306	221	257	250	169	248	199	218	132	188	130	102	112	41	124	674	94	694	694	729	799	824	911	989	989	1029	950	880	389	329	269	235	197	333	548	417	350	755
1057	1031	988	965	945	923	886	868	822	766	760	706	757	723	658	624	667	595	561	504	458	432	413	354	254	226	198	171	155	123	94	63	0	39	129	950	941	913	894	851	833	814	836	833	776	756	732	636	660	618	581	565	534	492	560	514	501	449	424	400	389	379	369	284	320	313	232	311	262	281	195	251	193	165	175	104	63	737	31	757	757	792	862	887	974	1052	1052	1092	1013	943	452	392	332	298	260	396	611	480	413	818
1096	1070	1027	1004	984	962	925	907	861	805	799	745	796	762	697	663	706	634	600	543	497	471	452	393	293	265	237	210	194	162	133	102	39	0	90	989	980	952	933	890	872	853	875	872	815	795	771	675	699	657	620	604	573	531	599	553	540	488	463	439	428	418	408	323	359	352	271	350	301	320	234	290	232	204	214	143	102	776	70	796	796	831	901	926	1013	1091	1091	1131	1052	982	491	431	371	337	299	435	650	519	452	857
1186	1160	1117	1094	1074	1052	1015	997	951	895	889	835	886	852	787	753	796	724	690	633	587	561	542	483	383	355	327	300	284	252	223	192	129	90	0	1079	1070	1042	1023	980	962	943	965	962	905	885	861	765	789	747	710	694	663	621	689	643	630	578	553	529	518	508	498	413	449	442	361	403	391	373	324	343	285	294	303	190	107	866	139	886	886	921	991	1016	1103	1181	1181	1221	1142	1072	581	521	461	427	389	523	740	609	542	947
134	108	65	42	50	72	109	127	173	229	238	244	238	227	292	326	320	355	389	446	492	518	540	599	699	724	752	779	795	827	856	887	950	989	1079	0	9	46	56	99	117	136	158	181	223	243	267	363	420	381	418	448	479	502	439	485	498	550	575	577	588	626	632	693	681	692	745	754	775	784	782	814	872	812	879	928	1011	253	981	233	193	158	167	146	24	120	102	160	146	76	525	558	618	652	690	716	402	514	564	181
143	117	74	51	59	81	118	136	182	238	247	235	247	218	283	317	311	346	380	437	483	509	531	590	690	715	743	770	786	818	847	878	941	980	1070	9	0	37	47	90	108	127	149	172	214	234	258	354	411	372	409	439	470	493	430	476	489	541	566	568	579	617	623	684	672	683	736	745	766	775	773	805	863	803	870	919	1002	244	972	224	184	149	158	137	33	129	111	169	137	67	516	549	609	643	681	707	393	505	555	172
180	154	111	88	96	118	146	128	170	226	235	207	224	190	255	289	283	318	352	409	455	481	503	562	662	687	715	742	758	790	819	850	913	952	1042	46	37	0	19	62	80	99	121	144	186	206	230	326	383	344	381	411	442	465	402	448	461	513	538	540	551	589	595	656	644	655	708	717	738	747	745	777	835	775	842	891	974	216	944	196	156	121	130	109	70	160	148	200	100	30	488	521	581	615	653	679	365	477	527	144
190	164	121	98	106	128	127	109	151	207	216	188	205	171	236	270	264	299	333	390	436	462	484	543	643	668	696	723	739	771	800	831	894	933	1023	56	47	19	0	43	61	80	102	125	167	187	211	307	364	325	362	392	423	446	383	429	442	494	519	521	532	570	576	637	625	636	689	698	719	728	726	758	816	756	823	872	955	197	925	177	137	102	111	90	80	176	158	216	119	49	469	502	562	596	634	660	346	458	508	125
233	207	164	141	143	121	84	66	108	164	173	145	162	128	193	227	221	256	290	347	393	419	441	500	600	625	653	680	696	728	757	788	851	890	980	99	90	62	43	0	18	37	59	82	124	144	168	264	321	282	319	349	380	403	340	386	399	451	476	478	489	527	533	594	582	593	646	655	676	685	683	715	773	713	780	829	912	154	882	134	94	59	68	47	123	219	201	259	162	92	426	459	519	553	591	617	303	415	465	82
251	225	182	159	161	139	102	84	90	146	155	127	144	110	175	209	203	238	272	329	375	401	423	482	582	607	635	662	678	710	739	770	833	872	962	117	108	80	61	18	0	19	41	64	106	126	150	246	303	264	301	331	362	385	322	368	381	433	458	460	471	509	515	576	564	575	628	637	658	667	665	697	755	695	762	811	894	136	864	116	76	41	50	65	141	237	219	277	180	110	408	441	501	535	573	599	285	397	447	64
270	244	201	178	180	158	121	103	109	134	143	108	125	91	156	190	184	219	253	310	356	382	404	463	563	588	616	643	659	691	720	751	814	853	943	136	127	99	80	37	19	0	22	45	87	107	131	227	284	245	282	312	343	366	303	349	362	414	439	441	452	490	496	557	545	556	609	618	639	648	646	678	736	676	743	792	875	117	845	97	57	22	69	84	160	256	238	296	199	129	389	422	482	516	554	580	266	378	428	45
292	266	223	200	202	180	143	125	131	156	165	130	147	113	178	212	206	241	275	332	378	404	426	485	585	610	638	665	681	713	742	773	836	875	965	158	149	121	102	59	41	22	0	23	65	85	109	205	262	223	260	290	321	363	281	327	340	392	417	441	452	490	496	557	545	556	609	618	639	648	646	678	736	676	754	814	897	139	867	119	79	44	91	106	182	278	260	318	221	151	403	444	504	538	576	580	244	375	442	23
315	289	246	223	225	203	166	148	154	179	188	153	170	136	201	235	229	264	298	355	401	427	449	508	608	633	661	688	704	710	739	770	833	872	962	181	172	144	125	82	64	45	23	0	57	77	101	197	254	215	252	282	313	355	273	319	332	384	409	433	444	482	488	549	537	548	601	610	631	640	638	670	728	668	746	811	894	143	864	123	102	67	114	129	205	301	283	341	244	174	395	467	527	561	599	572	236	367	434	46
357	331	288	265	267	245	208	190	196	177	171	117	168	134	165	199	193	228	262	319	365	391	413	472	572	596	624	651	650	653	682	713	776	815	905	223	214	186	167	124	106	87	65	57	0	20	44	140	197	158	195	225	256	298	216	262	275	327	352	376	387	425	431	492	480	491	544	553	574	583	581	613	671	611	689	754	837	86	807	66	106	109	156	171	247	343	325	383	286	216	338	431	491	524	562	515	179	310	377	42
377	351	308	285	287	265	228	210	213	157	151	97	148	114	145	179	173	208	242	299	345	371	393	452	552	576	604	631	630	633	662	693	756	795	885	243	234	206	187	144	126	107	85	77	20	0	24	120	177	138	175	205	236	278	196	242	255	307	332	356	367	405	411	472	460	471	524	533	554	563	561	593	651	591	669	734	817	66	787	46	86	121	176	191	267	363	345	403	306	236	318	411	471	504	542	495	159	290	357	62
401	375	332	309	311	289	252	234	237	181	175	121	172	138	169	192	149	195	229	286	327	353	375	434	534	552	580	607	606	609	638	669	732	771	861	267	258	230	211	168	150	131	109	101	44	24	0	96	153	114	151	181	212	254	172	218	231	283	308	332	343	381	387	448	436	447	500	509	530	539	537	569	627	567	645	710	793	90	763	70	110	145	200	215	291	387	369	427	330	260	294	393	453	480	518	471	135	266	333	86
480	454	411	388	368	346	309	291	245	189	183	129	180	146	81	96	53	99	133	190	231	257	279	338	438	456	484	511	510	513	542	573	636	675	765	363	354	326	307	264	246	227	205	197	140	120	96	0	57	18	55	85	116	158	76	122	135	187	212	236	247	285	291	352	340	351	404	413	434	443	441	473	531	471	549	614	697	160	667	166	180	215	285	310	387	475	465	515	426	356	198	297	357	384	422	375	39	170	237	182
537	511	468	445	425	403	366	348	302	246	240	186	237	203	138	152	110	123	157	214	255	281	303	362	462	480	508	535	534	537	566	597	660	699	789	420	411	383	364	321	303	284	262	254	197	177	153	57	0	42	79	109	140	182	100	146	159	211	236	260	271	309	315	376	364	375	428	437	458	467	465	497	555	495	573	638	721	217	691	223	237	272	342	367	444	532	522	572	483	413	222	321	381	408	446	399	63	194	261	239
498	472	429	406	386	364	327	309	263	207	201	147	198	164	99	110	71	81	115	172	213	239	261	320	420	438	466	493	492	495	524	555	618	657	747	381	372	344	325	282	264	245	223	215	158	138	114	18	42	0	37	67	98	140	58	104	117	169	194	218	229	267	273	334	322	333	386	395	416	425	423	455	513	453	531	596	679	178	649	184	198	233	303	328	405	493	483	533	444	374	180	279	339	366	404	357	21	152	219	200
535	509	466	443	423	401	364	346	300	244	238	184	235	201	136	147	108	118	152	209	234	260	282	341	429	401	429	456	455	458	487	518	581	620	710	418	409	381	362	319	301	282	260	252	195	175	151	55	79	37	0	104	123	165	21	67	80	132	157	181	192	230	236	297	285	296	349	358	379	388	386	418	476	416	494	559	642	215	612	221	235	270	340	365	442	530	520	570	481	411	201	255	315	329	367	320	58	173	194	237
565	539	496	473	453	431	394	376	330	274	268	214	265	231	166	135	138	106	140	129	146	172	194	253	353	378	406	433	439	442	471	502	565	604	694	448	439	411	392	349	331	312	290	282	225	205	181	85	109	67	104	0	31	73	125	87	100	126	151	165	176	214	220	281	269	280	333	342	363	372	370	402	460	400	478	543	626	245	596	251	265	300	370	395	472	560	550	600	511	441	113	212	272	306	344	304	46	85	152	267
596	570	527	504	484	462	425	407	361	305	299	245	296	262	197	166	169	137	155	98	115	141	163	222	322	347	375	402	408	411	440	471	534	573	663	479	470	442	423	380	362	343	321	313	256	236	212	116	140	98	123	31	0	42	102	56	69	95	120	134	145	183	189	250	238	249	302	311	332	341	339	371	429	369	447	512	595	276	565	282	296	331	401	426	503	591	581	631	542	472	82	181	241	275	313	273	77	54	121	298
609	583	540	517	497	475	438	420	374	318	312	258	309	275	210	176	211	147	113	56	73	99	121	180	280	305	333	360	366	369	398	429	492	531	621	502	493	465	446	403	385	366	363	355	298	278	254	158	182	140	165	73	42	0	144	98	105	53	78	92	103	141	147	208	196	207	260	269	290	299	297	329	387	327	405	470	553	289	523	309	309	344	414	439	526	604	604	644	565	495	40	139	199	233	271	231	119	12	79	340
556	530	487	464	444	422	385	367	321	265	259	205	256	222	157	168	129	139	173	200	213	239	261	320	408	380	408	435	434	437	466	497	560	599	689	439	430	402	383	340	322	303	281	273	216	196	172	76	100	58	21	125	102	144	0	46	59	111	136	160	171	209	215	276	264	275	328	337	358	367	365	397	455	395	473	538	621	236	591	242	256	291	361	386	463	551	541	591	502	432	180	234	294	308	346	299	79	152	173	258
602	576	533	510	490	468	431	413	367	311	305	251	302	268	203	214	175	185	211	154	167	193	215	274	362	334	362	389	388	391	420	451	514	553	643	485	476	448	429	386	368	349	327	319	262	242	218	122	146	104	67	87	56	98	46	0	13	65	90	114	125	163	169	230	218	229	282	291	312	321	319	351	409	349	427	492	575	282	545	288	302	337	407	432	509	597	587	637	548	478	134	188	248	262	300	253	125	106	127	304
615	589	546	523	503	481	444	426	380	324	318	264	315	281	216	227	188	198	218	161	154	180	202	261	349	321	349	376	375	378	407	438	501	540	630	498	489	461	442	399	381	362	340	332	275	255	231	135	159	117	80	100	69	105	59	13	0	52	77	101	112	150	156	217	205	216	269	278	299	308	306	338	396	336	414	479	562	295	532	301	315	350	420	445	522	610	600	650	561	491	121	175	235	249	287	240	138	93	114	317
662	636	593	570	550	528	491	473	427	371	365	311	362	328	263	229	240	200	166	109	102	128	150	209	297	269	297	324	323	326	355	386	449	488	578	550	541	513	494	451	433	414	392	384	327	307	283	187	211	169	132	126	95	53	111	65	52	0	25	49	60	98	104	165	153	164	217	226	247	256	254	286	344	284	362	427	510	342	480	353	362	397	467	492	574	657	652	697	613	543	69	123	183	197	235	188	172	41	62	369
687	661	618	595	575	553	516	498	452	396	390	336	387	353	288	254	265	225	191	134	109	135	157	193	272	244	272	299	298	301	330	361	424	463	553	575	566	538	519	476	458	439	417	409	352	332	308	212	236	194	157	151	120	78	136	90	77	25	0	24	35	73	79	140	128	139	192	201	222	231	229	261	319	259	337	402	485	367	455	378	387	422	492	517	599	682	677	722	638	568	76	98	158	172	210	163	197	66	37	394
684	658	615	592	572	550	513	495	449	393	387	333	384	350	285	251	289	222	188	131	85	111	133	169	248	220	248	275	274	277	306	337	400	439	529	577	568	540	521	478	460	441	441	433	376	356	332	236	260	218	181	165	134	92	160	114	101	49	24	0	11	49	55	116	104	115	168	177	198	207	205	237	295	235	313	378	461	364	431	384	384	419	489	514	601	679	679	719	640	570	52	74	134	148	186	139	211	80	13	418
695	669	626	603	583	561	524	506	460	404	398	344	395	361	296	262	300	233	199	142	96	103	125	158	237	209	237	264	263	266	295	326	389	428	518	588	579	551	532	489	471	452	452	444	387	367	343	247	271	229	192	176	145	103	171	125	112	60	35	11	0	38	44	105	93	104	157	166	187	196	194	226	284	224	302	367	450	375	420	395	395	430	500	525	612	690	690	730	651	581	63	63	123	137	175	128	222	91	24	429
733	707	664	641	621	599	562	544	498	442	436	382	433	399	334	300	338	271	237	180	134	141	163	196	275	247	275	269	253	256	285	316	379	418	508	626	617	589	570	527	509	490	490	482	425	405	381	285	309	267	230	214	183	141	209	163	150	98	73	49	38	0	82	95	131	66	147	128	177	158	184	188	246	214	264	341	424	413	410	433	433	468	538	563	650	728	728	768	689	619	101	101	161	175	213	90	260	129	62	467
739	713	670	647	627	605	568	550	504	448	442	388	439	405	340	306	344	277	243	186	140	147	169	162	193	165	193	220	236	246	275	306	369	408	498	632	623	595	576	533	515	496	496	488	431	411	387	291	315	273	236	220	189	147	215	169	156	104	79	55	44	82	0	85	49	114	137	176	167	198	174	228	286	204	298	347	430	419	400	439	439	474	544	569	656	734	734	774	695	625	107	107	127	93	131	172	266	135	68	473
800	774	731	708	688	666	629	611	565	509	503	449	500	466	401	367	405	338	304	247	201	208	208	149	180	152	180	174	158	161	190	221	284	323	413	693	684	656	637	594	576	557	557	549	492	472	448	352	376	334	297	281	250	208	276	230	217	165	140	116	105	95	85	0	36	29	52	91	82	113	89	143	201	119	213	262	345	480	315	500	500	535	605	630	717	795	795	835	756	686	168	168	114	80	118	112	327	196	129	534
788	762	719	696	676	654	617	599	553	497	491	437	488	454	389	355	393	326	292	235	189	178	172	113	144	116	144	171	187	197	226	257	320	359	449	681	672	644	625	582	564	545	545	537	480	460	436	340	364	322	285	269	238	196	264	218	205	153	128	104	93	131	49	36	0	65	88	127	118	149	125	179	237	155	249	298	381	468	351	488	488	523	593	618	705	783	783	823	744	674	156	138	78	44	82	148	315	184	117	522
799	773	730	707	687	665	628	610	564	508	502	448	499	465	400	366	404	337	303	246	200	207	229	178	209	181	209	203	187	190	219	250	313	352	442	692	683	655	636	593	575	556	556	548	491	471	447	351	375	333	296	280	249	207	275	229	216	164	139	115	104	66	114	29	65	0	81	62	111	92	118	122	180	148	198	275	358	479	344	499	499	534	604	629	716	794	794	834	755	685	167	167	143	109	147	83	326	195	128	533
852	826	783	760	740	718	681	663	617	561	555	501	552	518	453	419	457	390	356	299	253	260	260	201	205	177	149	122	106	109	138	169	232	271	361	745	736	708	689	646	628	609	609	601	544	524	500	404	428	386	349	333	302	260	328	282	269	217	192	168	157	147	137	52	88	81	0	91	30	61	37	91	149	67	161	210	293	532	263	552	552	587	657	682	769	847	847	887	808	738	220	220	166	132	170	164	379	248	181	586
861	835	792	769	749	727	690	672	626	570	564	510	561	527	462	428	466	399	365	308	262	269	291	240	271	243	240	213	197	188	217	248	311	350	403	754	745	717	698	655	637	618	618	610	553	533	509	413	437	395	358	342	311	269	337	291	278	226	201	177	166	128	176	91	127	62	91	0	61	30	128	60	118	158	136	213	296	541	328	561	561	596	666	691	778	856	856	896	817	747	229	229	205	171	209	120	388	257	190	595
882	856	813	790	770	748	711	693	647	591	585	531	582	548	483	449	487	420	386	329	283	290	290	231	235	207	179	152	136	139	168	199	262	301	391	775	766	738	719	676	658	639	639	631	574	554	530	434	458	416	379	363	332	290	358	312	299	247	222	198	187	177	167	82	118	111	30	61	0	31	67	61	119	97	137	214	297	562	293	582	582	617	687	712	799	877	877	917	838	768	250	250	196	162	200	181	409	278	211	616
891	865	822	799	779	757	720	702	656	600	594	540	591	557	492	458	496	429	395	338	292	299	321	262	266	238	210	183	167	158	187	218	281	320	373	784	775	747	728	685	667	648	648	640	583	563	539	443	467	425	388	372	341	299	367	321	308	256	231	207	196	158	198	113	149	92	61	30	31	0	98	30	88	128	106	183	266	571	298	591	591	626	696	721	808	886	886	926	847	777	259	259	227	193	231	150	418	287	220	625
889	863	820	797	777	755	718	700	654	598	592	538	589	555	490	456	494	427	393	336	290	297	297	238	168	140	112	85	69	72	101	132	195	234	324	782	773	745	726	683	665	646	646	638	581	561	537	441	465	423	386	370	339	297	365	319	306	254	229	205	194	184	174	89	125	118	37	128	67	98	0	128	142	30	124	173	256	569	226	589	589	624	694	719	806	884	884	924	845	775	257	257	203	169	174	201	416	285	218	623
921	895	852	829	809	787	750	732	686	630	624	570	621	587	522	488	526	459	425	368	322	329	351	292	259	231	203	176	160	128	157	188	251	290	343	814	805	777	758	715	697	678	678	670	613	593	569	473	497	455	418	402	371	329	397	351	338	286	261	237	226	188	228	143	179	122	91	60	61	30	128	0	58	158	76	153	236	601	268	621	621	656	726	751	838	916	916	956	877	807	289	289	257	223	261	180	448	317	250	655
979	953	910	887	867	845	808	790	744	688	682	628	679	645	580	546	584	517	483	426	380	379	360	301	201	173	145	118	102	70	99	130	193	232	285	872	863	835	816	773	755	736	736	728	671	651	627	531	555	513	476	460	429	387	455	409	396	344	319	295	284	246	286	201	237	180	149	118	119	88	142	58	0	112	18	95	178	659	210	679	679	714	784	809	896	974	974	1014	935	865	347	339	279	245	207	238	506	375	308	713
919	893	850	827	807	785	748	730	684	628	622	568	619	585	520	486	524	457	423	366	320	316	297	238	138	110	82	55	39	42	71	102	165	204	294	812	803	775	756	713	695	676	676	668	611	591	567	471	495	453	416	400	369	327	395	349	336	284	259	235	224	214	204	119	155	148	67	158	97	128	30	158	112	0	94	143	226	599	196	619	619	654	724	749	836	914	914	954	875	805	287	276	216	182	144	231	446	315	248	653
986	960	917	894	874	852	815	797	751	695	689	635	686	652	587	553	596	524	490	433	387	361	342	283	183	155	127	100	84	52	81	112	175	214	303	879	870	842	823	780	762	743	754	746	689	669	645	549	573	531	494	478	447	405	473	427	414	362	337	313	302	264	298	213	249	198	161	136	137	106	124	76	18	94	0	113	196	666	206	686	686	721	791	816	903	981	981	1021	942	872	365	321	261	227	189	256	524	393	326	731
1035	1009	966	943	923	901	864	846	800	744	738	684	735	701	636	602	645	573	539	482	436	410	391	332	232	204	176	149	133	101	72	41	104	143	190	928	919	891	872	829	811	792	814	811	754	734	710	614	638	596	559	543	512	470	538	492	479	427	402	378	367	341	347	262	298	275	210	213	214	183	173	153	95	143	113	0	83	715	115	735	735	770	840	865	952	1030	1030	1070	991	921	430	370	310	276	238	333	589	458	391	796
1118	1092	1049	1026	1006	984	947	929	883	827	821	767	818	784	719	685	728	656	622	565	519	493	474	415	315	287	259	232	216	184	155	124	63	102	107	1011	1002	974	955	912	894	875	897	894	837	817	793	697	721	679	642	626	595	553	621	575	562	510	485	461	450	424	430	345	381	358	293	296	297	266	256	236	178	226	196	83	0	798	32	818	818	853	923	948	1035	1113	1113	1153	1074	1004	513	453	393	359	321	416	672	541	474	879
382	356	313	290	270	248	211	193	147	91	85	31	82	48	79	113	107	142	176	233	279	305	327	386	486	511	539	566	582	614	643	674	737	776	866	253	244	216	197	154	136	117	139	143	86	66	90	160	217	178	215	245	276	289	236	282	295	342	367	364	375	413	419	480	468	479	532	541	562	571	569	601	659	599	666	715	798	0	768	20	60	95	186	201	277	373	355	413	316	246	312	345	405	439	477	503	199	301	351	128
1088	1062	1019	996	976	954	917	899	853	797	791	737	788	754	689	655	698	626	592	535	489	463	444	385	285	257	229	202	186	154	125	94	31	70	139	981	972	944	925	882	864	845	867	864	807	787	763	667	691	649	612	596	565	523	591	545	532	480	455	431	420	410	400	315	351	344	263	328	293	298	226	268	210	196	206	115	32	768	0	788	788	823	893	918	1005	1083	1083	1123	1044	974	483	423	363	329	291	427	642	511	444	849
367	341	298	275	277	255	218	200	167	111	105	51	102	68	99	133	127	162	196	253	299	325	347	406	506	531	559	586	602	634	663	694	757	796	886	233	224	196	177	134	116	97	119	123	66	46	70	166	223	184	221	251	282	309	242	288	301	353	378	384	395	433	439	500	488	499	552	561	582	591	589	621	679	619	686	735	818	20	788	0	40	75	166	181	257	353	335	393	296	226	332	365	425	459	497	523	205	321	371	108
327	301	258	235	237	215	178	160	133	77	86	51	68	34	99	133	127	162	196	253	299	325	347	406	506	531	559	586	602	634	663	694	757	796	886	193	184	156	137	94	76	57	79	102	106	86	110	180	237	198	235	265	296	309	256	302	315	362	387	384	395	433	439	500	488	499	552	561	582	591	589	621	679	619	686	735	818	60	788	40	0	35	126	141	217	313	295	353	256	186	332	365	425	459	497	523	219	321	371	102
292	266	223	200	202	180	143	125	131	112	121	86	103	69	134	168	162	197	231	288	334	360	382	441	541	566	594	621	637	669	698	729	792	831	921	158	149	121	102	59	41	22	44	67	109	121	145	215	272	233	270	300	331	344	291	337	350	397	422	419	430	468	474	535	523	534	587	596	617	626	624	656	714	654	721	770	853	95	823	75	35	0	91	106	182	278	260	318	221	151	367	400	460	494	532	558	254	356	406	67
238	212	169	146	126	104	67	49	40	96	105	156	105	139	204	238	232	267	301	358	404	430	452	511	611	636	664	691	707	739	768	799	862	901	991	167	158	130	111	68	50	69	91	114	156	176	200	285	342	303	340	370	401	414	361	407	420	467	492	489	500	538	544	605	593	604	657	666	687	696	694	726	784	724	791	840	923	186	893	166	126	91	0	30	164	233	251	273	230	160	437	470	530	564	602	628	324	426	476	114
208	182	139	116	96	74	37	19	65	121	130	181	130	164	229	263	257	292	326	383	429	455	477	536	636	661	689	716	732	764	793	824	887	926	1016	146	137	109	90	47	65	84	106	129	171	191	215	310	367	328	365	395	426	439	386	432	445	492	517	514	525	563	569	630	618	629	682	691	712	721	719	751	809	749	816	865	948	201	918	181	141	106	30	0	134	203	221	243	209	139	462	495	555	589	627	653	349	451	501	129
110	84	41	18	38	60	97	115	161	217	226	268	226	251	316	350	344	379	413	470	516	542	564	623	723	748	776	803	819	851	880	911	974	1013	1103	24	33	70	80	123	141	160	182	205	247	267	291	387	444	405	442	472	503	526	463	509	522	574	599	601	612	650	656	717	705	716	769	778	799	808	806	838	896	836	903	952	1035	277	1005	257	217	182	164	134	0	105	123	145	165	100	549	582	642	676	714	740	426	538	588	205
47	21	64	87	107	129	166	184	230	286	295	346	295	329	394	428	422	457	491	548	594	620	642	701	801	826	854	881	897	929	958	989	1052	1091	1181	120	129	160	176	219	237	256	278	301	343	363	387	475	532	493	530	560	591	604	551	597	610	657	682	679	690	728	734	795	783	794	847	856	877	886	884	916	974	914	981	1030	1113	373	1083	353	313	278	233	203	105	0	18	40	60	130	627	660	720	754	792	818	514	616	666	301
65	39	82	105	125	147	184	202	248	304	313	346	313	329	394	428	422	457	491	548	594	620	642	701	801	826	854	881	897	929	958	989	1052	1091	1181	102	111	148	158	201	219	238	260	283	325	345	369	465	522	483	520	550	581	604	541	587	600	652	677	679	690	728	734	795	783	794	847	856	877	886	884	916	974	914	981	1030	1113	355	1083	335	295	260	251	221	123	18	0	58	78	148	627	660	720	754	792	818	504	616	666	283
50	61	104	127	147	169	206	224	270	326	335	386	335	369	434	468	462	497	531	588	634	660	682	741	841	866	894	921	937	969	998	1029	1092	1131	1221	160	169	200	216	259	277	296	318	341	383	403	427	515	572	533	570	600	631	644	591	637	650	697	722	719	730	768	774	835	823	834	887	896	917	926	924	956	1014	954	1021	1070	1153	413	1123	393	353	318	273	243	145	40	58	0	100	170	667	700	760	794	832	858	554	656	706	341
107	81	124	147	167	189	226	228	270	326	335	307	324	290	355	389	383	418	452	509	555	581	603	662	762	787	815	842	858	890	919	950	1013	1052	1142	146	137	100	119	162	180	199	221	244	286	306	330	426	483	444	481	511	542	565	502	548	561	613	638	640	651	689	695	756	744	755	808	817	838	847	845	877	935	875	942	991	1074	316	1044	296	256	221	230	209	165	60	78	100	0	70	588	621	681	715	753	779	465	577	627	244
177	151	141	118	126	148	176	158	200	256	265	237	254	220	285	319	313	348	382	439	485	511	533	592	692	717	745	772	788	820	849	880	943	982	1072	76	67	30	49	92	110	129	151	174	216	236	260	356	413	374	411	441	472	495	432	478	491	543	568	570	581	619	625	686	674	685	738	747	768	777	775	807	865	805	872	921	1004	246	974	226	186	151	160	139	100	130	148	170	70	0	518	551	611	645	683	709	395	507	557	174
632	606	563	540	520	498	461	443	397	341	335	281	332	298	233	199	242	170	136	79	33	59	81	140	240	265	293	320	326	329	358	389	452	491	581	525	516	488	469	426	408	389	403	395	338	318	294	198	222	180	201	113	82	40	180	134	121	69	76	52	63	101	107	168	156	167	220	229	250	259	257	289	347	287	365	430	513	312	483	332	332	367	437	462	549	627	627	667	588	518	0	99	159	193	231	191	159	28	39	380
665	639	596	573	553	531	494	476	430	374	368	314	365	331	266	232	275	203	169	112	66	40	62	95	194	166	194	221	237	269	298	329	392	431	521	558	549	521	502	459	441	422	444	467	431	411	393	297	321	279	255	212	181	139	234	188	175	123	98	74	63	101	107	168	138	167	220	229	250	259	257	289	339	276	321	370	453	345	423	365	365	400	470	495	582	660	660	700	621	551	99	0	60	94	132	191	258	127	87	467
725	699	656	633	613	591	554	536	490	434	428	374	425	391	326	292	335	263	229	172	126	100	94	35	134	106	134	161	177	209	238	269	332	371	461	618	609	581	562	519	501	482	504	527	491	471	453	357	381	339	315	272	241	199	294	248	235	183	158	134	123	161	127	114	78	143	166	205	196	227	203	257	279	216	261	310	393	405	363	425	425	460	530	555	642	720	720	760	681	611	159	60	0	34	72	226	318	187	147	527
759	733	690	667	647	625	588	570	524	468	462	408	459	425	360	326	369	297	263	206	160	134	128	69	100	72	100	127	143	175	204	235	298	337	427	652	643	615	596	553	535	516	538	561	524	504	480	384	408	366	329	306	275	233	308	262	249	197	172	148	137	175	93	80	44	109	132	171	162	193	169	223	245	182	227	276	359	439	329	459	459	494	564	589	676	754	754	794	715	645	193	94	34	0	38	192	352	221	161	561
797	771	728	705	685	663	626	608	562	506	500	446	497	463	398	364	407	335	301	244	198	172	166	107	62	34	62	89	105	137	166	197	260	299	389	690	681	653	634	591	573	554	576	599	562	542	518	422	446	404	367	344	313	271	346	300	287	235	210	186	175	213	131	118	82	147	170	209	200	231	174	261	207	144	189	238	321	477	291	497	497	532	602	627	714	792	792	832	753	683	231	132	72	38	0	230	390	259	199	599
823	797	754	731	711	689	652	634	588	532	526	472	523	489	424	390	428	361	327	270	224	231	253	261	292	264	292	286	270	273	302	333	396	435	523	716	707	679	660	617	599	580	580	572	515	495	471	375	399	357	320	304	273	231	299	253	240	188	163	139	128	90	172	112	148	83	164	120	181	150	201	180	238	231	256	333	416	503	427	523	523	558	628	653	740	818	818	858	779	709	191	191	226	192	230	0	350	219	152	557
519	493	450	427	407	385	348	330	284	228	222	168	219	185	120	89	92	60	94	151	192	218	240	299	399	424	452	479	485	488	517	548	611	650	740	402	393	365	346	303	285	266	244	236	179	159	135	39	63	21	58	46	77	119	79	125	138	172	197	211	222	260	266	327	315	326	379	388	409	418	416	448	506	446	524	589	672	199	642	205	219	254	324	349	426	514	504	554	465	395	159	258	318	352	390	350	0	131	198	221
621	595	552	529	509	487	450	432	386	330	324	270	321	287	222	188	223	159	125	68	61	87	109	168	268	293	321	348	354	357	386	417	480	519	609	514	505	477	458	415	397	378	375	367	310	290	266	170	194	152	173	85	54	12	152	106	93	41	66	80	91	129	135	196	184	195	248	257	278	287	285	317	375	315	393	458	541	301	511	321	321	356	426	451	538	616	616	656	577	507	28	127	187	221	259	219	131	0	67	352
671	645	602	579	559	537	500	482	436	380	374	320	371	337	272	238	281	209	175	118	72	98	120	179	261	233	261	288	287	290	319	350	413	452	542	564	555	527	508	465	447	428	442	434	377	357	333	237	261	219	194	152	121	79	173	127	114	62	37	13	24	62	68	129	117	128	181	190	211	220	218	250	308	248	326	391	474	351	444	371	371	406	476	501	588	666	666	706	627	557	39	87	147	161	199	152	198	67	0	419
315	289	246	223	225	203	166	148	154	179	188	153	170	136	201	235	229	264	298	355	401	427	449	508	608	633	661	688	692	695	724	755	818	857	947	181	172	144	125	82	64	45	23	46	42	62	86	182	239	200	237	267	298	340	258	304	317	369	394	418	429	467	473	534	522	533	586	595	616	625	623	655	713	653	731	796	879	128	849	108	102	67	114	129	205	301	283	341	244	174	380	467	527	561	599	557	221	352	419	0
